Random list : 
 1 0.110351524500000
 2 0.745895947400000
 3 0.075491396100000
 4 0.872641455800000
 5 0.692179307800000
 6 0.435883322800000
 7 0.941665726800000
 8 0.638596446100000
 9 0.438654865300000
 10 0.343804505400000
 11 0.151900577000000
 12 0.410274545900000
 13 0.094025062200000
 14 0.608969732400000
 15 0.841696682700000
 16 0.780362578600000
 17 0.859371083800000
 18 0.103492844400000
 19 0.875785757200000
 20 0.755909763500000
 21 0.500460172000000
 22 0.273025768900000
 23 0.852326412600000
 24 0.707415389300000
 25 0.882098010100000
 26 0.970721564600000
 27 0.156049481800000
 28 0.059712791500000
 29 0.815017040600000
 30 0.694261429400000
 31 0.489559231300000
 32 0.209169830300000
 33 0.102133281900000
 34 0.320124300500000
 35 0.534542600600000
 36 0.007610452500000
 37 0.811107109200000
 38 0.289212697800000
 39 0.247525649100000
 40 0.756075090700000
 41 0.797759385800000
 42 0.599997551100000
 43 0.367784704000000
 44 0.992173203800000
 45 0.612807631400000
 46 0.131095922700000
 47 0.658187598400000
 48 0.571052194500000
 49 0.947245900400000
 50 0.685015454800000
 51 0.808126994100000
 52 0.948039956800000
 53 0.668057547700000
 54 0.524866142200000
 55 0.078782889100000
 56 0.047107328700000
 57 0.125145276900000
 58 0.525969418000000
 59 0.258845654100000
 60 0.489803880600000
 61 0.360585462500000
 62 0.615882044500000
 63 0.811186147800000
 64 0.498317714300000
 65 0.842704351800000
 66 0.450641963900000
 67 0.794408222800000
 68 0.368166090000000
 69 0.416925212400000
 70 0.772527172700000
 71 0.605556271900000
 72 0.867464165900000
 73 0.836630924700000
 74 0.734726103100000
 75 0.457903778000000
 76 0.385840470700000
 77 0.780923882800000
 78 0.203852042300000
 79 0.292838962500000
 80 0.582057063800000
 81 0.898667898800000
 82 0.599850684300000
 83 0.655405362300000
 84 0.535506954400000
 85 0.412946270100000
 86 0.559943209000000
 87 0.645962437400000
 88 0.228009121700000
 89 0.532800276500000
 90 0.332308628200000
 91 0.412898829500000
 92 0.984361653000000
 93 0.177432838500000
 94 0.808220234200000
 95 0.481028724000000
 96 0.714796820700000
 97 0.780258057700000
 98 0.597896951700000
 99 0.391423819200000
 100 0.110832245100000
 Uniform departureness : 0.090585.
 Independence departureness : 0.074400.
